Mid-date      Month   Start_Day    End_Day    Total_Days
2002.29452055 004     2002 095     2002 120      108
2002.35616438 005     2002 123     2002 137      130
2002.62465753 008     2002 213     2002 243      228
2002.70821918 009     2002 244     2002 273      258
2002.79178082 010     2002 274     2002 304      289
2002.87534247 011     2002 305     2002 334      320
2002.95890411 012     2002 335     2002 365      350
2003.04383562 013     2003 001     2003 031      381
2003.12465753 014     2003 032     2003 059      410
2003.20547945 015     2003 060     2003 090      440
2003.28904110 016     2003 091     2003 120      470
2003.35890411 017     2003 121     2003 141      496
2003.53972603 019     2003 182     2003 212      562
2003.62465753 020     2003 213     2003 243      593
2003.70821918 021     2003 244     2003 273      624
2003.79178082 022     2003 274     2003 304      654
2003.87534247 023     2003 305     2003 334      684
2003.95890411 024     2003 335     2003 365      715
2004.01912568 025     2004 001     2004 013      737
2004.12978142 026     2004 035     2004 060      778
2004.20765027 027     2004 061     2004 091      806
2004.29098361 028     2004 092     2004 121      836
2004.37431694 029     2004 122     2004 152      867
2004.45765027 030     2004 153     2004 182      898
2004.54098361 031     2004 183     2004 213      928
2004.62568306 032     2004 214     2004 244      959
2004.70901639 033     2004 245     2004 274      990
2004.79234973 034     2004 275     2004 305     1020
2004.87568306 035     2004 306     2004 335     1050
2004.95901639 036     2004 336     2004 366     1081
2005.04383562 037     2005 001     2005 031     1112
2005.12465753 038     2005 032     2005 059     1142
2005.20547945 039     2005 060     2005 090     1171
2005.28904110 040     2005 091     2005 120     1202
2005.37260274 041     2005 121     2005 151     1232
2005.45616438 042     2005 152     2005 181     1262
2005.53972603 043     2005 182     2005 212     1293
2005.62465753 044     2005 213     2005 243     1324
2005.70821918 045     2005 244     2005 273     1354
2005.79178082 046     2005 274     2005 304     1385
2005.87534247 047     2005 305     2005 334     1416
2005.95890411 048     2005 335     2005 365     1446
2006.04383562 049     2006 001     2006 031     1477
2006.12465753 050     2006 032     2006 059     1506
2006.20547945 051     2006 060     2006 090     1536
2006.28904110 052     2006 091     2006 120     1566
2006.37260274 053     2006 121     2006 151     1597
2006.45616438 054     2006 152     2006 181     1628
2006.53972603 055     2006 182     2006 212     1658
2006.62465753 056     2006 213     2006 243     1689
2006.70821918 057     2006 244     2006 273     1720
2006.79178082 058     2006 274     2006 304     1750
2006.87534247 059     2006 305     2006 334     1780
2006.95890411 060     2006 335     2006 365     1811
2007.04383562 061     2007 001     2007 031     1842
2007.12328767 062     2007 032     2007 058     1871
2007.20547945 063     2007 060     2007 090     1901
2007.28904110 064     2007 091     2007 120     1932
2007.37260274 065     2007 121     2007 151     1962
2007.45616438 066     2007 152     2007 181     1992
2007.53972603 067     2007 182     2007 212     2023
2007.62465753 068     2007 213     2007 243     2054
2007.70821918 069     2007 244     2007 273     2084
2007.79178082 070     2007 274     2007 304     2115
2007.87534247 071     2007 305     2007 334     2146
2007.95890411 072     2007 335     2007 365     2176
2008.04371585 073     2008 001     2008 031     2207
2008.12568306 074     2008 032     2008 060     2237
2008.20765027 075     2008 061     2008 091     2267
2008.29098361 076     2008 092     2008 121     2298
2008.37431694 077     2008 122     2008 152     2328
2008.45765027 078     2008 153     2008 182     2358
2008.54098361 079     2008 183     2008 213     2389
2008.62568306 080     2008 214     2008 244     2420
2008.70901639 081     2008 245     2008 274     2450
2008.79234973 082     2008 275     2008 305     2481
2008.87568306 083     2008 306     2008 335     2512
2008.95901639 084     2008 336     2008 366     2542
2009.04383562 085     2009 001     2009 031     2573
2009.12465753 086     2009 032     2009 059     2602
2009.20547945 087     2009 060     2009 090     2632
2009.28904110 088     2009 091     2009 120     2662
2009.37260274 089     2009 121     2009 151     2693
2009.45616438 090     2009 152     2009 181     2724
2009.53972603 091     2009 182     2009 212     2754
2009.62465753 092     2009 213     2009 243     2785
2009.70821918 093     2009 244     2009 273     2816
2009.79178082 094     2009 274     2009 304     2846
2009.87534247 095     2009 305     2009 334     2876
2009.95890411 096     2009 335     2009 365     2907
2010.04383562 097     2010 001     2010 031     2938
2010.12465753 098     2010 032     2010 059     2968
2010.20547945 099     2010 060     2010 090     2997
2010.28904110 100     2010 091     2010 120     3028
2010.37260274 101     2010 121     2010 151     3058
2010.45616438 102     2010 152     2010 181     3088
2010.53972603 103     2010 182     2010 212     3119
2010.62465753 104     2010 213     2010 243     3150
2010.70821918 105     2010 244     2010 273     3180
2010.79178082 106     2010 274     2010 304     3211
2010.87534247 107     2010 305     2010 334     3242
2010.95342466 108     2010 335     2010 361     3270
2011.13424658 110     2011 039     2011 059     3336
2011.20547945 111     2011 060     2011 090     3362
2011.28904110 112     2011 091     2011 120     3392
2011.37260274 113     2011 121     2011 151     3423
2011.54520548 115     2011 186     2011 212     3486
2011.62465753 116     2011 213     2011 243     3515
2011.70821918 117     2011 244     2011 273     3546
2011.79178082 118     2011 274     2011 304     3576
2011.83287671 119     2011 289     2011 319     3591
2011.99041096 120     2011 347     2012 011     3648
2012.04371585 121     2012 001     2012 031     3668
2012.12568306 122     2012 032     2012 060     3698
2012.20765027 123     2012 061     2012 091     3728
2012.25819672 124     2012 080     2012 109     3746
2012.45765027 126     2012 153     2012 182     3820
2012.54098361 127     2012 183     2012 213     3850
2012.62568306 128     2012 214     2012 244     3881
2012.70218579 129     2012 245     2012 269     3909
2012.88251366 131     2012 311     2012 335     3975
2012.95901639 132     2012 336     2012 366     4003
2013.04383562 133     2013 001     2013 031     4034
2013.12191781 134     2013 032     2013 057     4062
2013.30273973 136     2013 101     2013 120     4128
2013.37260274 137     2013 121     2013 151     4154
2013.45616438 138     2013 152     2013 181     4184
2013.53972603 139     2013 182     2013 212     4215
2013.79178082 142     2013 274     2013 304     4307
2013.87534247 143     2013 305     2013 334     4338
2013.95890411 144     2013 335     2013 365     4368
2014.02328767 145     2014 001     2014 016     4392
2014.20821918 147     2014 062     2014 090     4459
2014.28904110 148     2014 091     2014 120     4488
2014.37260274 149     2014 121     2014 151     4519
2014.44794521 150     2014 152     2014 175     4546
2014.62465753 152     2014 213     2014 243     4611
2014.70821918 153     2014 244     2014 273     4642
2014.79178082 154     2014 274     2014 304     4672
2014.87534247 155     2014 305     2014 334     4702
2015.06027397 157     2015 013     2015 031     4770
2015.12465753 158     2015 032     2015 059     4794
2015.20547945 159     2015 060     2015 090     4823
2015.28904110 160     2015 091     2015 120     4854
2015.31917808 161     2015 102     2015 131     4864
2015.53698630 163     2015 180     2015 212     4944
2015.62465753 164     2015 213     2015 243     4976
2015.70410959 165     2015 244     2015 270     5005
2015.97671233 168     2015 345     2016 003     5104
2016.04371585 169     2016 004     2016 028     5129
2016.12158470 170     2016 029     2016 060     5158
2016.20765027 171     2016 061     2016 091     5189
2016.38387978 173     2016 129     2016 152     5254
2016.45765027 174     2016 153     2016 182     5280
2016.53825137 175     2016 183     2016 211     5310
2016.63934426 176     2016 221     2016 247     5347
2016.90710383 179     2016 319     2016 345     5445
2016.98087432 180     2016 346     2017 006     5472
2017.05616438 181     2017 007     2017 034     5500
2017.24657534 183     2017 076     2017 104     5569
2017.31232877 184     2017 100     2017 128     5593
2017.36301370 185     2017 123     2017 142     5612
2017.44109589 186     2017 143     2017 179     5640
2018.45616438 198     2018 152     2018 181     6010
2018.52191781 199     2018 182     2018 199     6034
2018.83287671 202     2018 295     2018 313     6148
2018.87534247 203     2018 305     2018 334     6164
2018.95890411 204     2018 335     2018 365     6194
2019.04383562 205     2019 001     2019 031     6225
2019.12465753 206     2019 026     2019 065     6254
2019.20547945 207     2019 060     2019 090     6284
2019.28904110 208     2019 091     2019 120     6314
2019.37260274 209     2019 121     2019 151     6345
2019.45616438 210     2019 152     2019 181     6376
2019.53972603 211     2019 182     2019 212     6406
2019.62465753 212     2019 213     2019 243     6437
2019.70821918 213     2019 244     2019 273     6468
2019.79178082 214     2019 274     2019 304     6498
2019.87534247 215     2019 305     2019 334     6528
2019.95890411 216     2019 335     2019 365     6559
2020.04371585 217     2020 001     2020 031     6590
2020.12568306 218     2020 032     2020 060     6620
2020.20765027 219     2020 061     2020 091     6650
2020.29098361 220     2020 092     2020 121     6680
2020.37431694 221     2020 122     2020 152     6711
2020.45765027 222     2020 153     2020 182     6742
2020.54098361 223     2020 183     2020 213     6772
